-212 -234 -220 -185 -143 -106 -79 -999 -999
-112 -101 -79 -63 -55 -55 -55 -999 -999
-67 -50 -37 -23 -10 -999 -999 -999 -999
-60 -15  36  91 139 169 175 166 151
-81 -53 -25  -9  -5  -9 -17 -25 -31
-21   9  40  66  74  47  -2 -38 -60
-67 -60 -43 -23 -999 -999 -999 -999 -999
-77 -61 -46 -30 -20 -999 -999 -999 -999
-88 -82 -73 -58 -999 -999 -999 -999 -999
-47 -33 -20  -5  12  31  47  62  72
-83 -75 -58 -44 -29 -17 -13 -20 -33
-108 -109 -103 -98 -101 -115 -134 -156 -175
-122 -122 -85 -78 -81 -45 -28 -999 -999
-47 -43 -34 -26 -14  -3   0   0  -1
-54 -32 -15   4  22  38 -999 -999 -999
-38  -1  31  58  67  56  24 -14 -35
-55 -32  -9  18  48  78  95  95  85
-84 -70 -62 -56 -48 -43 -48 -61 -75
-119 -93 -65 -55 -33 -11 -26 -60 -77
-99 -73 -50 -27 -11  -1  -2  -5  -4
-91 -76 -61 -47 -34 -25 -14  -2  11
-79 -48 -15   8  23  22  15  18  31
-75 -62 -50 -37 -42 -48 -53 -60 -66
-93 -77 -59 -38 -20  -6   2   7  12
-86 -70 -57 -42 -29 -19 -17 -17 -18
-73 -50 -28 -10   0   4   3  -1  -5